(kicad_pcb (version 20171130) (host pcbnew 5.1.2-f72e74a~84~ubuntu16.04.1)

  (general
    (thickness 1.6)
    (drawings 9)
    (tracks 730)
    (zones 0)
    (modules 76)
    (nets 38)
  )

  (page A4)
  (layers
    (0 F.Cu signal)
    (31 B.Cu signal)
    (32 B.Adhes user hide)
    (33 F.Adhes user hide)
    (34 B.Paste user)
    (35 F.Paste user hide)
    (36 B.SilkS user)
    (37 F.SilkS user)
    (38 B.Mask user hide)
    (39 F.Mask user hide)
    (40 Dwgs.User user)
    (41 Cmts.User user)
    (42 Eco1.User user)
    (43 Eco2.User user)
    (44 Edge.Cuts user)
    (45 Margin user)
    (46 B.CrtYd user)
    (47 F.CrtYd user)
    (48 B.Fab user hide)
    (49 F.Fab user hide)
  )

  (setup
    (last_trace_width 0.25)
    (user_trace_width 0.254)
    (user_trace_width 0.381)
    (user_trace_width 0.508)
    (user_trace_width 0.762)
    (user_trace_width 1.024)
    (user_trace_width 2.048)
    (trace_clearance 0.2)
    (zone_clearance 0.508)
    (zone_45_only no)
    (trace_min 0.2)
    (via_size 0.6)
    (via_drill 0.4)
    (via_min_size 0.4)
    (via_min_drill 0.3)
    (user_via 1 0.6)
    (user_via 1.2 0.8)
    (uvia_size 0.3)
    (uvia_drill 0.1)
    (uvias_allowed no)
    (uvia_min_size 0.2)
    (uvia_min_drill 0.1)
    (edge_width 0.15)
    (segment_width 0.2)
    (pcb_text_width 0.3)
    (pcb_text_size 1.5 1.5)
    (mod_edge_width 0.15)
    (mod_text_size 1 1)
    (mod_text_width 0.15)
    (pad_size 1.524 1.524)
    (pad_drill 0.762)
    (pad_to_mask_clearance 0.2)
    (aux_axis_origin 0 0)
    (visible_elements FFFFFF7F)
    (pcbplotparams
      (layerselection 0x010f0_ffffffff)
      (usegerberextensions true)
      (usegerberattributes false)
      (usegerberadvancedattributes false)
      (creategerberjobfile false)
      (excludeedgelayer true)
      (linewidth 0.100000)
      (plotframeref false)
      (viasonmask false)
      (mode 1)
      (useauxorigin false)
      (hpglpennumber 1)
      (hpglpenspeed 20)
      (hpglpendiameter 15.000000)
      (psnegative false)
      (psa4output false)
      (plotreference true)
      (plotvalue true)
      (plotinvisibletext false)
      (padsonsilk false)
      (subtractmaskfromsilk false)
      (outputformat 1)
      (mirror false)
      (drillshape 0)
      (scaleselection 1)
      (outputdirectory "board/"))
  )

  (net 0 "")
  (net 1 GND)
  (net 2 +5V)
  (net 3 +3V8)
  (net 4 +2V5)
  (net 5 +3V3)
  (net 6 "Net-(C207-Pad2)")
  (net 7 "Net-(C207-Pad1)")
  (net 8 "Net-(C208-Pad1)")
  (net 9 /TCXO/OUT)
  (net 10 /switch/POWER_ON)
  (net 11 "/Charger & Power Supply/STAT")
  (net 12 "/Charger & Power Supply/Cred")
  (net 13 "/Charger & Power Supply/Cgrn")
  (net 14 "/Charger & Power Supply/Bred")
  (net 15 "/Charger & Power Supply/~V_OK")
  (net 16 "/Charger & Power Supply/Bgrn")
  (net 17 "/Charger & Power Supply/VSENSE")
  (net 18 "/Charger & Power Supply/TH")
  (net 19 "/Charger & Power Supply/REF")
  (net 20 "/Charger & Power Supply/PROG")
  (net 21 +BATT)
  (net 22 /SWITCH1)
  (net 23 /SWITCH2)
  (net 24 "Net-(R202-Pad1)")
  (net 25 "Net-(R203-Pad2)")
  (net 26 "Net-(R204-Pad2)")
  (net 27 "Net-(R205-Pad2)")
  (net 28 "Net-(R206-Pad2)")
  (net 29 "Net-(R207-Pad2)")
  (net 30 "Net-(R208-Pad2)")
  (net 31 "Net-(R301-Pad1)")
  (net 32 "Net-(SW201-Pad6)")
  (net 33 "Net-(SW201-Pad3)")
  (net 34 "Net-(SW201-Pad5)")
  (net 35 "Net-(SW201-Pad4)")
  (net 36 "Net-(SW201-Pad8)")
  (net 37 "Net-(SW201-Pad7)")

  (net_class Default "This is the default net class."
    (clearance 0.2)
    (trace_width 0.25)
    (via_dia 0.6)
    (via_drill 0.4)
    (uvia_dia 0.3)
    (uvia_drill 0.1)
    (add_net +2V5)
    (add_net +3V3)
    (add_net +3V8)
    (add_net +5V)
    (add_net +BATT)
    (add_net "/Charger & Power Supply/Bgrn")
    (add_net "/Charger & Power Supply/Bred")
    (add_net "/Charger & Power Supply/Cgrn")
    (add_net "/Charger & Power Supply/Cred")
    (add_net "/Charger & Power Supply/PROG")
    (add_net "/Charger & Power Supply/REF")
    (add_net "/Charger & Power Supply/STAT")
    (add_net "/Charger & Power Supply/TH")
    (add_net "/Charger & Power Supply/VSENSE")
    (add_net "/Charger & Power Supply/~V_OK")
    (add_net /SWITCH1)
    (add_net /SWITCH2)
    (add_net /TCXO/OUT)
    (add_net /switch/POWER_ON)
    (add_net GND)
    (add_net "Net-(C207-Pad1)")
    (add_net "Net-(C207-Pad2)")
    (add_net "Net-(C208-Pad1)")
    (add_net "Net-(R202-Pad1)")
    (add_net "Net-(R203-Pad2)")
    (add_net "Net-(R204-Pad2)")
    (add_net "Net-(R205-Pad2)")
    (add_net "Net-(R206-Pad2)")
    (add_net "Net-(R207-Pad2)")
    (add_net "Net-(R208-Pad2)")
    (add_net "Net-(R301-Pad1)")
    (add_net "Net-(SW201-Pad3)")
    (add_net "Net-(SW201-Pad4)")
    (add_net "Net-(SW201-Pad5)")
    (add_net "Net-(SW201-Pad6)")
    (add_net "Net-(SW201-Pad7)")
    (add_net "Net-(SW201-Pad8)")
  )

  (module Resistor_SMD:R_0603_1608Metric (layer F.Cu) (tedit 5B301BBD) (tstamp 5D05C120)
    (at 177.8 93.218)
    (descr "Resistor SMD 0603 (1608 Metric), square (rectangular) end terminal, IPC_7351 nominal, (Body size source: http://www.tortai-tech.com/upload/download/2011102023233369053.pdf), generated with kicad-footprint-generator")
    (tags resistor)
    (path /5D0691D6/5D05049A)
    (attr smd)
    (fp_text reference R301 (at 0 -1.016) (layer F.SilkS)
      (effects (font (size 0.7 0.7) (thickness 0.12)))
    )
    (fp_text value 100k (at 0 1.016) (layer F.SilkS)
      (effects (font (size 0.7 0.7) (thickness 0.12)))
    )
    (fp_text user %R (at 0 0) (layer F.Fab)
      (effects (font (size 0.4 0.4) (thickness 0.06)))
    )
    (fp_line (start 1.48 0.73) (end -1.48 0.73) (layer F.CrtYd) (width 0.05))
    (fp_line (start 1.48 -0.73) (end 1.48 0.73) (layer F.CrtYd) (width 0.05))
    (fp_line (start -1.48 -0.73) (end 1.48 -0.73) (layer F.CrtYd) (width 0.05))
    (fp_line (start -1.48 0.73) (end -1.48 -0.73) (layer F.CrtYd) (width 0.05))
    (fp_line (start -0.162779 0.51) (end 0.162779 0.51) (layer F.SilkS) (width 0.12))
    (fp_line (start -0.162779 -0.51) (end 0.162779 -0.51) (layer F.SilkS) (width 0.12))
    (fp_line (start 0.8 0.4) (end -0.8 0.4) (layer F.Fab) (width 0.1))
    (fp_line (start 0.8 -0.4) (end 0.8 0.4) (layer F.Fab) (width 0.1))
    (fp_line (start -0.8 -0.4) (end 0.8 -0.4) (layer F.Fab) (width 0.1))
    (fp_line (start -0.8 0.4) (end -0.8 -0.4) (layer F.Fab) (width 0.1))
    (pad 2 smd roundrect (at 0.7875 0) (size 0.875 0.95) (layers F.Cu F.Paste F.Mask) (roundrect_rratio 0.25)
      (net 22 /SWITCH1))
    (pad 1 smd roundrect (at -0.7875 0) (size 0.875 0.95) (layers F.Cu F.Paste F.Mask) (roundrect_rratio 0.25)
      (net 31 "Net-(R301-Pad1)"))
    (model ${KISYS3DMOD}/Resistor_SMD.3dshapes/R_0603_1608Metric.wrl
      (at (xyz 0 0 0))
      (scale (xyz 1 1 1))
      (rotate (xyz 0 0 0))
    )
  )

  (module Capacitor_SMD:C_0603_1608Metric (layer F.Cu) (tedit 5B301BBE) (tstamp 5D04D276)
    (at 205.232 106.172)
    (descr "Capacitor SMD 0603 (1608 Metric), square (rectangular) end terminal, IPC_7351 nominal, (Body size source: http://www.tortai-tech.com/upload/download/2011102023233369053.pdf), generated with kicad-footprint-generator")
    (tags capacitor)
    (path /5CFAE850/5D224D70)
    (attr smd)
    (fp_text reference C218 (at -2.54 -1.016) (layer F.SilkS)
      (effects (font (size 0.6 0.6) (thickness 0.11)))
    )
    (fp_text value 100n (at 0 1.27) (layer F.SilkS)
      (effects (font (size 0.7 0.7) (thickness 0.12)))
    )
    (fp_text user %R (at 0 0) (layer F.Fab)
      (effects (font (size 0.4 0.4) (thickness 0.06)))
    )
    (fp_line (start 1.48 0.73) (end -1.48 0.73) (layer F.CrtYd) (width 0.05))
    (fp_line (start 1.48 -0.73) (end 1.48 0.73) (layer F.CrtYd) (width 0.05))
    (fp_line (start -1.48 -0.73) (end 1.48 -0.73) (layer F.CrtYd) (width 0.05))
    (fp_line (start -1.48 0.73) (end -1.48 -0.73) (layer F.CrtYd) (width 0.05))
    (fp_line (start -0.162779 0.51) (end 0.162779 0.51) (layer F.SilkS) (width 0.12))
    (fp_line (start -0.162779 -0.51) (end 0.162779 -0.51) (layer F.SilkS) (width 0.12))
    (fp_line (start 0.8 0.4) (end -0.8 0.4) (layer F.Fab) (width 0.1))
    (fp_line (start 0.8 -0.4) (end 0.8 0.4) (layer F.Fab) (width 0.1))
    (fp_line (start -0.8 -0.4) (end 0.8 -0.4) (layer F.Fab) (width 0.1))
    (fp_line (start -0.8 0.4) (end -0.8 -0.4) (layer F.Fab) (width 0.1))
    (pad 2 smd roundrect (at 0.7875 0) (size 0.875 0.95) (layers F.Cu F.Paste F.Mask) (roundrect_rratio 0.25)
      (net 4 +2V5))
    (pad 1 smd roundrect (at -0.7875 0) (size 0.875 0.95) (layers F.Cu F.Paste F.Mask) (roundrect_rratio 0.25)
      (net 1 GND))
    (model ${KISYS3DMOD}/Capacitor_SMD.3dshapes/C_0603_1608Metric.wrl
      (at (xyz 0 0 0))
      (scale (xyz 1 1 1))
      (rotate (xyz 0 0 0))
    )
  )

  (module Capacitor_SMD:C_0402_1005Metric (layer B.Cu) (tedit 5B301BBE) (tstamp 5D066C10)
    (at 205.232 103.632 180)
    (descr "Capacitor SMD 0402 (1005 Metric), square (rectangular) end terminal, IPC_7351 nominal, (Body size source: http://www.tortai-tech.com/upload/download/2011102023233369053.pdf), generated with kicad-footprint-generator")
    (tags capacitor)
    (path /5CFAE850/5D166C88)
    (attr smd)
    (fp_text reference C220 (at -3.556 0) (layer B.SilkS)
      (effects (font (size 0.7 0.7) (thickness 0.12)) (justify right mirror))
    )
    (fp_text value 1n (at 3.556 0) (layer B.SilkS)
      (effects (font (size 0.7 0.7) (thickness 0.12)) (justify left mirror))
    )
    (fp_text user %R (at 0 0) (layer B.Fab)
      (effects (font (size 0.25 0.25) (thickness 0.04)) (justify mirror))
    )
    (fp_line (start 0.93 -0.47) (end -0.93 -0.47) (layer B.CrtYd) (width 0.05))
    (fp_line (start 0.93 0.47) (end 0.93 -0.47) (layer B.CrtYd) (width 0.05))
    (fp_line (start -0.93 0.47) (end 0.93 0.47) (layer B.CrtYd) (width 0.05))
    (fp_line (start -0.93 -0.47) (end -0.93 0.47) (layer B.CrtYd) (width 0.05))
    (fp_line (start 0.5 -0.25) (end -0.5 -0.25) (layer B.Fab) (width 0.1))
    (fp_line (start 0.5 0.25) (end 0.5 -0.25) (layer B.Fab) (width 0.1))
    (fp_line (start -0.5 0.25) (end 0.5 0.25) (layer B.Fab) (width 0.1))
    (fp_line (start -0.5 -0.25) (end -0.5 0.25) (layer B.Fab) (width 0.1))
    (pad 2 smd roundrect (at 0.485 0 180) (size 0.59 0.64) (layers B.Cu B.Paste B.Mask) (roundrect_rratio 0.25)
      (net 1 GND))
    (pad 1 smd roundrect (at -0.485 0 180) (size 0.59 0.64) (layers B.Cu B.Paste B.Mask) (roundrect_rratio 0.25)
      (net 4 +2V5))
    (model ${KISYS3DMOD}/Capacitor_SMD.3dshapes/C_0402_1005Metric.wrl
      (at (xyz 0 0 0))
      (scale (xyz 1 1 1))
      (rotate (xyz 0 0 0))
    )
  )

  (module Capacitor_SMD:C_0402_1005Metric (layer B.Cu) (tedit 5B301BBE) (tstamp 5D04D21A)
    (at 205.232 99.06 180)
    (descr "Capacitor SMD 0402 (1005 Metric), square (rectangular) end terminal, IPC_7351 nominal, (Body size source: http://www.tortai-tech.com/upload/download/2011102023233369053.pdf), generated with kicad-footprint-generator")
    (tags capacitor)
    (path /5CFAE850/5D0C36BD)
    (attr smd)
    (fp_text reference C214 (at -3.556 0) (layer B.SilkS)
      (effects (font (size 0.7 0.7) (thickness 0.12)) (justify right mirror))
    )
    (fp_text value 1n (at 3.556 0) (layer B.SilkS)
      (effects (font (size 0.7 0.7) (thickness 0.12)) (justify left mirror))
    )
    (fp_text user %R (at 0 0) (layer B.Fab)
      (effects (font (size 0.25 0.25) (thickness 0.04)) (justify mirror))
    )
    (fp_line (start 0.93 -0.47) (end -0.93 -0.47) (layer B.CrtYd) (width 0.05))
    (fp_line (start 0.93 0.47) (end 0.93 -0.47) (layer B.CrtYd) (width 0.05))
    (fp_line (start -0.93 0.47) (end 0.93 0.47) (layer B.CrtYd) (width 0.05))
    (fp_line (start -0.93 -0.47) (end -0.93 0.47) (layer B.CrtYd) (width 0.05))
    (fp_line (start 0.5 -0.25) (end -0.5 -0.25) (layer B.Fab) (width 0.1))
    (fp_line (start 0.5 0.25) (end 0.5 -0.25) (layer B.Fab) (width 0.1))
    (fp_line (start -0.5 0.25) (end 0.5 0.25) (layer B.Fab) (width 0.1))
    (fp_line (start -0.5 -0.25) (end -0.5 0.25) (layer B.Fab) (width 0.1))
    (pad 2 smd roundrect (at 0.485 0 180) (size 0.59 0.64) (layers B.Cu B.Paste B.Mask) (roundrect_rratio 0.25)
      (net 1 GND))
    (pad 1 smd roundrect (at -0.485 0 180) (size 0.59 0.64) (layers B.Cu B.Paste B.Mask) (roundrect_rratio 0.25)
      (net 4 +2V5))
    (model ${KISYS3DMOD}/Capacitor_SMD.3dshapes/C_0402_1005Metric.wrl
      (at (xyz 0 0 0))
      (scale (xyz 1 1 1))
      (rotate (xyz 0 0 0))
    )
  )

  (module Capacitor_SMD:C_0603_1608Metric (layer B.Cu) (tedit 5B301BBE) (tstamp 5D066639)
    (at 205.232 98.044 180)
    (descr "Capacitor SMD 0603 (1608 Metric), square (rectangular) end terminal, IPC_7351 nominal, (Body size source: http://www.tortai-tech.com/upload/download/2011102023233369053.pdf), generated with kicad-footprint-generator")
    (tags capacitor)
    (path /5CFAE850/5D062B77)
    (attr smd)
    (fp_text reference C212 (at -1.524 0 180) (layer B.SilkS)
      (effects (font (size 0.7 0.7) (thickness 0.12)) (justify right mirror))
    )
    (fp_text value 1uF (at 1.524 0 180) (layer B.SilkS)
      (effects (font (size 0.7 0.7) (thickness 0.12)) (justify left mirror))
    )
    (fp_text user %R (at 0 0 180) (layer B.Fab)
      (effects (font (size 0.4 0.4) (thickness 0.06)) (justify mirror))
    )
    (fp_line (start 1.48 -0.73) (end -1.48 -0.73) (layer B.CrtYd) (width 0.05))
    (fp_line (start 1.48 0.73) (end 1.48 -0.73) (layer B.CrtYd) (width 0.05))
    (fp_line (start -1.48 0.73) (end 1.48 0.73) (layer B.CrtYd) (width 0.05))
    (fp_line (start -1.48 -0.73) (end -1.48 0.73) (layer B.CrtYd) (width 0.05))
    (fp_line (start -0.162779 -0.51) (end 0.162779 -0.51) (layer B.SilkS) (width 0.12))
    (fp_line (start -0.162779 0.51) (end 0.162779 0.51) (layer B.SilkS) (width 0.12))
    (fp_line (start 0.8 -0.4) (end -0.8 -0.4) (layer B.Fab) (width 0.1))
    (fp_line (start 0.8 0.4) (end 0.8 -0.4) (layer B.Fab) (width 0.1))
    (fp_line (start -0.8 0.4) (end 0.8 0.4) (layer B.Fab) (width 0.1))
    (fp_line (start -0.8 -0.4) (end -0.8 0.4) (layer B.Fab) (width 0.1))
    (pad 2 smd roundrect (at 0.7875 0 180) (size 0.875 0.95) (layers B.Cu B.Paste B.Mask) (roundrect_rratio 0.25)
      (net 1 GND))
    (pad 1 smd roundrect (at -0.7875 0 180) (size 0.875 0.95) (layers B.Cu B.Paste B.Mask) (roundrect_rratio 0.25)
      (net 4 +2V5))
    (model ${KISYS3DMOD}/Capacitor_SMD.3dshapes/C_0603_1608Metric.wrl
      (at (xyz 0 0 0))
      (scale (xyz 1 1 1))
      (rotate (xyz 0 0 0))
    )
  )

  (module jakub:LEDdual_3.2x2.8 (layer F.Cu) (tedit 5ACBD8FA) (tstamp 5CFBAE8C)
    (at 170.18 95.022 90)
    (descr "RGB LED 3.2x2.7mm http://www.avagotech.com/docs/AV02-0610EN")
    (tags "LED 3227")
    (path /5CFE6EE5/5D002130)
    (attr smd)
    (fp_text reference D401 (at 0 -3.048 90) (layer F.SilkS)
      (effects (font (size 0.7 0.7) (thickness 0.12)))
    )
    (fp_text value LED_R/G (at 0 2.45 90) (layer F.Fab)
      (effects (font (size 1 1) (thickness 0.15)))
    )
    (fp_text user %R (at 0 -2.3 90) (layer F.Fab)
      (effects (font (size 1 1) (thickness 0.15)))
    )
    (fp_line (start -1.6 -0.675) (end -0.925 -1.35) (layer F.Fab) (width 0.1))
    (fp_line (start -1.6 1.35) (end -1.6 -0.675) (layer F.Fab) (width 0.1))
    (fp_line (start 1.6 1.35) (end -1.6 1.35) (layer F.Fab) (width 0.1))
    (fp_line (start 1.6 -1.35) (end 1.6 1.35) (layer F.Fab) (width 0.1))
    (fp_line (start -0.925 -1.35) (end 1.6 -1.35) (layer F.Fab) (width 0.1))
    (fp_line (start -2.8 -0.5) (end -2.8 -1.5) (layer F.SilkS) (width 0.15))
    (fp_line (start 2.7 -1.5) (end -2.8 -1.5) (layer F.SilkS) (width 0.15))
    (fp_line (start 2.7 1.5) (end -2.7 1.5) (layer F.SilkS) (width 0.15))
    (fp_line (start 2.85 1.65) (end 2.85 -1.65) (layer F.CrtYd) (width 0.05))
    (fp_line (start 2.85 -1.65) (end -2.95 -1.65) (layer F.CrtYd) (width 0.05))
    (fp_line (start -2.95 -1.65) (end -2.95 1.65) (layer F.CrtYd) (width 0.05))
    (fp_line (start -2.95 1.65) (end 2.85 1.65) (layer F.CrtYd) (width 0.05))
    (pad 2 smd rect (at 1.55 0.85 270) (size 1.5 0.9) (layers F.Cu F.Paste F.Mask)
      (net 11 "/Charger & Power Supply/STAT"))
    (pad 1 smd rect (at 1.55 -0.85 270) (size 1.5 0.9) (layers F.Cu F.Paste F.Mask)
      (net 12 "/Charger & Power Supply/Cred"))
    (pad 4 smd rect (at -1.55 0.85 270) (size 1.5 0.9) (layers F.Cu F.Paste F.Mask)
      (net 13 "/Charger & Power Supply/Cgrn"))
    (pad 3 smd rect (at -1.55 -0.85 270) (size 1.5 0.9) (layers F.Cu F.Paste F.Mask)
      (net 11 "/Charger & Power Supply/STAT"))
    (model LEDs.3dshapes/LED_WS2812B-PLCC4.wrl
      (at (xyz 0 0 0))
      (scale (xyz 0.25 0.25 0.4))
      (rotate (xyz 0 0 0))
    )
    (model ${KISYS3DMOD}/jakub.3dshapes/LED/LED_WS2812B-PLCC4.wrl
      (at (xyz 0 0 0))
      (scale (xyz 0.25 0.25 0.4))
      (rotate (xyz 0 0 0))
    )
  )

  (module Capacitor_SMD:C_0603_1608Metric (layer F.Cu) (tedit 5B301BBE) (tstamp 5CFC3E59)
    (at 161.544 96.52 90)
    (descr "Capacitor SMD 0603 (1608 Metric), square (rectangular) end terminal, IPC_7351 nominal, (Body size source: http://www.tortai-tech.com/upload/download/2011102023233369053.pdf), generated with kicad-footprint-generator")
    (tags capacitor)
    (path /5CFE6EE5/5D0020A3)
    (attr smd)
    (fp_text reference C402 (at 0 -1.27 90) (layer F.SilkS)
      (effects (font (size 0.7 0.7) (thickness 0.12)))
    )
    (fp_text value 100n (at -2.0065 -1.27 180) (layer F.SilkS)
      (effects (font (size 0.7 0.7) (thickness 0.12)))
    )
    (fp_line (start -0.8 0.4) (end -0.8 -0.4) (layer F.Fab) (width 0.1))
    (fp_line (start -0.8 -0.4) (end 0.8 -0.4) (layer F.Fab) (width 0.1))
    (fp_line (start 0.8 -0.4) (end 0.8 0.4) (layer F.Fab) (width 0.1))
    (fp_line (start 0.8 0.4) (end -0.8 0.4) (layer F.Fab) (width 0.1))
    (fp_line (start -0.162779 -0.51) (end 0.162779 -0.51) (layer F.SilkS) (width 0.12))
    (fp_line (start -0.162779 0.51) (end 0.162779 0.51) (layer F.SilkS) (width 0.12))
    (fp_line (start -1.48 0.73) (end -1.48 -0.73) (layer F.CrtYd) (width 0.05))
    (fp_line (start -1.48 -0.73) (end 1.48 -0.73) (layer F.CrtYd) (width 0.05))
    (fp_line (start 1.48 -0.73) (end 1.48 0.73) (layer F.CrtYd) (width 0.05))
    (fp_line (start 1.48 0.73) (end -1.48 0.73) (layer F.CrtYd) (width 0.05))
    (fp_text user %R (at 0 0 90) (layer F.Fab)
      (effects (font (size 0.4 0.4) (thickness 0.06)))
    )
    (pad 1 smd roundrect (at -0.7875 0 90) (size 0.875 0.95) (layers F.Cu F.Paste F.Mask) (roundrect_rratio 0.25)
      (net 1 GND))
    (pad 2 smd roundrect (at 0.7875 0 90) (size 0.875 0.95) (layers F.Cu F.Paste F.Mask) (roundrect_rratio 0.25)
      (net 3 +3V8))
    (model ${KISYS3DMOD}/Capacitor_SMD.3dshapes/C_0603_1608Metric.wrl
      (at (xyz 0 0 0))
      (scale (xyz 1 1 1))
      (rotate (xyz 0 0 0))
    )
  )

  (module jakub:LEDdual_3.2x2.8 (layer F.Cu) (tedit 5ACBD8FA) (tstamp 5CFBAEA1)
    (at 170.18 103.15 90)
    (descr "RGB LED 3.2x2.7mm http://www.avagotech.com/docs/AV02-0610EN")
    (tags "LED 3227")
    (path /5CFE6EE5/5D00213D)
    (attr smd)
    (fp_text reference D402 (at 0 -3.048 90) (layer F.SilkS)
      (effects (font (size 0.7 0.7) (thickness 0.12)))
    )
    (fp_text value LED_R/G (at 0 2.45 90) (layer F.Fab)
      (effects (font (size 1 1) (thickness 0.15)))
    )
    (fp_line (start -2.95 1.65) (end 2.85 1.65) (layer F.CrtYd) (width 0.05))
    (fp_line (start -2.95 -1.65) (end -2.95 1.65) (layer F.CrtYd) (width 0.05))
    (fp_line (start 2.85 -1.65) (end -2.95 -1.65) (layer F.CrtYd) (width 0.05))
    (fp_line (start 2.85 1.65) (end 2.85 -1.65) (layer F.CrtYd) (width 0.05))
    (fp_line (start 2.7 1.5) (end -2.7 1.5) (layer F.SilkS) (width 0.15))
    (fp_line (start 2.7 -1.5) (end -2.8 -1.5) (layer F.SilkS) (width 0.15))
    (fp_line (start -2.8 -0.5) (end -2.8 -1.5) (layer F.SilkS) (width 0.15))
    (fp_line (start -0.925 -1.35) (end 1.6 -1.35) (layer F.Fab) (width 0.1))
    (fp_line (start 1.6 -1.35) (end 1.6 1.35) (layer F.Fab) (width 0.1))
    (fp_line (start 1.6 1.35) (end -1.6 1.35) (layer F.Fab) (width 0.1))
    (fp_line (start -1.6 1.35) (end -1.6 -0.675) (layer F.Fab) (width 0.1))
    (fp_line (start -1.6 -0.675) (end -0.925 -1.35) (layer F.Fab) (width 0.1))
    (fp_text user %R (at 0 -2.3 90) (layer F.Fab)
      (effects (font (size 1 1) (thickness 0.15)))
    )
    (pad 3 smd rect (at -1.55 -0.85 270) (size 1.5 0.9) (layers F.Cu F.Paste F.Mask)
      (net 14 "/Charger & Power Supply/Bred"))
    (pad 4 smd rect (at -1.55 0.85 270) (size 1.5 0.9) (layers F.Cu F.Paste F.Mask)
      (net 15 "/Charger & Power Supply/~V_OK"))
    (pad 1 smd rect (at 1.55 -0.85 270) (size 1.5 0.9) (layers F.Cu F.Paste F.Mask)
      (net 15 "/Charger & Power Supply/~V_OK"))
    (pad 2 smd rect (at 1.55 0.85 270) (size 1.5 0.9) (layers F.Cu F.Paste F.Mask)
      (net 16 "/Charger & Power Supply/Bgrn"))
    (model LEDs.3dshapes/LED_WS2812B-PLCC4.wrl
      (at (xyz 0 0 0))
      (scale (xyz 0.25 0.25 0.4))
      (rotate (xyz 0 0 0))
    )
    (model ${KISYS3DMOD}/jakub.3dshapes/LED/LED_WS2812B-PLCC4.wrl
      (at (xyz 0 0 0))
      (scale (xyz 0.25 0.25 0.4))
      (rotate (xyz 0 0 0))
    )
  )

  (module Resistor_SMD:R_0603_1608Metric (layer F.Cu) (tedit 5B301BBD) (tstamp 5CFBB16F)
    (at 162.56 100.584 180)
    (descr "Resistor SMD 0603 (1608 Metric), square (rectangular) end terminal, IPC_7351 nominal, (Body size source: http://www.tortai-tech.com/upload/download/2011102023233369053.pdf), generated with kicad-footprint-generator")
    (tags resistor)
    (path /5CFE6EE5/5D0020B1)
    (attr smd)
    (fp_text reference R403 (at 0.508 1.016) (layer F.SilkS)
      (effects (font (size 0.7 0.7) (thickness 0.12)))
    )
    (fp_text value 470k (at 0 -1.27) (layer F.SilkS)
      (effects (font (size 0.7 0.7) (thickness 0.12)))
    )
    (fp_text user %R (at 0 0) (layer F.Fab)
      (effects (font (size 0.4 0.4) (thickness 0.06)))
    )
    (fp_line (start 1.48 0.73) (end -1.48 0.73) (layer F.CrtYd) (width 0.05))
    (fp_line (start 1.48 -0.73) (end 1.48 0.73) (layer F.CrtYd) (width 0.05))
    (fp_line (start -1.48 -0.73) (end 1.48 -0.73) (layer F.CrtYd) (width 0.05))
    (fp_line (start -1.48 0.73) (end -1.48 -0.73) (layer F.CrtYd) (width 0.05))
    (fp_line (start -0.162779 0.51) (end 0.162779 0.51) (layer F.SilkS) (width 0.12))
    (fp_line (start -0.162779 -0.51) (end 0.162779 -0.51) (layer F.SilkS) (width 0.12))
    (fp_line (start 0.8 0.4) (end -0.8 0.4) (layer F.Fab) (width 0.1))
    (fp_line (start 0.8 -0.4) (end 0.8 0.4) (layer F.Fab) (width 0.1))
    (fp_line (start -0.8 -0.4) (end 0.8 -0.4) (layer F.Fab) (width 0.1))
    (fp_line (start -0.8 0.4) (end -0.8 -0.4) (layer F.Fab) (width 0.1))
    (pad 2 smd roundrect (at 0.7875 0 180) (size 0.875 0.95) (layers F.Cu F.Paste F.Mask) (roundrect_rratio 0.25)
      (net 15 "/Charger & Power Supply/~V_OK"))
    (pad 1 smd roundrect (at -0.7875 0 180) (size 0.875 0.95) (layers F.Cu F.Paste F.Mask) (roundrect_rratio 0.25)
      (net 18 "/Charger & Power Supply/TH"))
    (model ${KISYS3DMOD}/Resistor_SMD.3dshapes/R_0603_1608Metric.wrl
      (at (xyz 0 0 0))
      (scale (xyz 1 1 1))
      (rotate (xyz 0 0 0))
    )
  )

  (module Resistor_SMD:R_0603_1608Metric (layer F.Cu) (tedit 5B301BBD) (tstamp 5CFBB180)
    (at 165.5825 100.584)
    (descr "Resistor SMD 0603 (1608 Metric), square (rectangular) end terminal, IPC_7351 nominal, (Body size source: http://www.tortai-tech.com/upload/download/2011102023233369053.pdf), generated with kicad-footprint-generator")
    (tags resistor)
    (path /5CFE6EE5/5D002246)
    (attr smd)
    (fp_text reference R404 (at 0.0255 -1.016) (layer F.SilkS)
      (effects (font (size 0.7 0.7) (thickness 0.12)))
    )
    (fp_text value 2k2 (at 0 1.27) (layer F.SilkS)
      (effects (font (size 0.7 0.7) (thickness 0.12)))
    )
    (fp_text user %R (at 0 0) (layer F.Fab)
      (effects (font (size 0.4 0.4) (thickness 0.06)))
    )
    (fp_line (start 1.48 0.73) (end -1.48 0.73) (layer F.CrtYd) (width 0.05))
    (fp_line (start 1.48 -0.73) (end 1.48 0.73) (layer F.CrtYd) (width 0.05))
    (fp_line (start -1.48 -0.73) (end 1.48 -0.73) (layer F.CrtYd) (width 0.05))
    (fp_line (start -1.48 0.73) (end -1.48 -0.73) (layer F.CrtYd) (width 0.05))
    (fp_line (start -0.162779 0.51) (end 0.162779 0.51) (layer F.SilkS) (width 0.12))
    (fp_line (start -0.162779 -0.51) (end 0.162779 -0.51) (layer F.SilkS) (width 0.12))
    (fp_line (start 0.8 0.4) (end -0.8 0.4) (layer F.Fab) (width 0.1))
    (fp_line (start 0.8 -0.4) (end 0.8 0.4) (layer F.Fab) (width 0.1))
    (fp_line (start -0.8 -0.4) (end 0.8 -0.4) (layer F.Fab) (width 0.1))
    (fp_line (start -0.8 0.4) (end -0.8 -0.4) (layer F.Fab) (width 0.1))
    (pad 2 smd roundrect (at 0.7875 0) (size 0.875 0.95) (layers F.Cu F.Paste F.Mask) (roundrect_rratio 0.25)
      (net 19 "/Charger & Power Supply/REF"))
    (pad 1 smd roundrect (at -0.7875 0) (size 0.875 0.95) (layers F.Cu F.Paste F.Mask) (roundrect_rratio 0.25)
      (net 18 "/Charger & Power Supply/TH"))
    (model ${KISYS3DMOD}/Resistor_SMD.3dshapes/R_0603_1608Metric.wrl
      (at (xyz 0 0 0))
      (scale (xyz 1 1 1))
      (rotate (xyz 0 0 0))
    )
  )

  (module Package_TO_SOT_SMD:SOT-23-6 (layer F.Cu) (tedit 5A02FF57) (tstamp 5CFBB303)
    (at 163.83 97.028 90)
    (descr "6-pin SOT-23 package")
    (tags SOT-23-6)
    (path /5CFE6EE5/5D002029)
    (attr smd)
    (fp_text reference U401 (at 2.286 0 180) (layer F.SilkS)
      (effects (font (size 0.7 0.7) (thickness 0.12)))
    )
    (fp_text value TLV3012 (at 0.254 2.286 90) (layer F.SilkS)
      (effects (font (size 0.7 0.7) (thickness 0.12)))
    )
    (fp_text user %R (at 0 0) (layer F.Fab)
      (effects (font (size 0.5 0.5) (thickness 0.075)))
    )
    (fp_line (start -0.9 1.61) (end 0.9 1.61) (layer F.SilkS) (width 0.12))
    (fp_line (start 0.9 -1.61) (end -1.55 -1.61) (layer F.SilkS) (width 0.12))
    (fp_line (start 1.9 -1.8) (end -1.9 -1.8) (layer F.CrtYd) (width 0.05))
    (fp_line (start 1.9 1.8) (end 1.9 -1.8) (layer F.CrtYd) (width 0.05))
    (fp_line (start -1.9 1.8) (end 1.9 1.8) (layer F.CrtYd) (width 0.05))
    (fp_line (start -1.9 -1.8) (end -1.9 1.8) (layer F.CrtYd) (width 0.05))
    (fp_line (start -0.9 -0.9) (end -0.25 -1.55) (layer F.Fab) (width 0.1))
    (fp_line (start 0.9 -1.55) (end -0.25 -1.55) (layer F.Fab) (width 0.1))
    (fp_line (start -0.9 -0.9) (end -0.9 1.55) (layer F.Fab) (width 0.1))
    (fp_line (start 0.9 1.55) (end -0.9 1.55) (layer F.Fab) (width 0.1))
    (fp_line (start 0.9 -1.55) (end 0.9 1.55) (layer F.Fab) (width 0.1))
    (pad 1 smd rect (at -1.1 -0.95 90) (size 1.06 0.65) (layers F.Cu F.Paste F.Mask)
      (net 15 "/Charger & Power Supply/~V_OK"))
    (pad 2 smd rect (at -1.1 0 90) (size 1.06 0.65) (layers F.Cu F.Paste F.Mask)
      (net 1 GND))
    (pad 3 smd rect (at -1.1 0.95 90) (size 1.06 0.65) (layers F.Cu F.Paste F.Mask)
      (net 18 "/Charger & Power Supply/TH"))
    (pad 4 smd rect (at 1.1 0.95 90) (size 1.06 0.65) (layers F.Cu F.Paste F.Mask)
      (net 17 "/Charger & Power Supply/VSENSE"))
    (pad 6 smd rect (at 1.1 -0.95 90) (size 1.06 0.65) (layers F.Cu F.Paste F.Mask)
      (net 3 +3V8))
    (pad 5 smd rect (at 1.1 0 90) (size 1.06 0.65) (layers F.Cu F.Paste F.Mask)
      (net 19 "/Charger & Power Supply/REF"))
    (model ${KISYS3DMOD}/Package_TO_SOT_SMD.3dshapes/SOT-23-6.wrl
      (at (xyz 0 0 0))
      (scale (xyz 1 1 1))
      (rotate (xyz 0 0 0))
    )
  )

  (module jakub:Molex_USB_A (layer F.Cu) (tedit 5A5E66E5) (tstamp 5A4E6787)
    (at 155.448 99.06 270)
    (path /5A4D1381)
    (fp_text reference P101 (at 7.366 0) (layer F.SilkS)
      (effects (font (size 0.7 0.7) (thickness 0.12)))
    )
    (fp_text value USB_A (at 8.636 0) (layer F.SilkS)
      (effects (font (size 0.7 0.7) (thickness 0.12)))
    )
    (fp_line (start -6 17.6) (end -6 2.75) (layer F.SilkS) (width 0.15))
    (fp_line (start -6 17.6) (end -5.8 17.8) (layer F.SilkS) (width 0.15))
    (fp_line (start 5.8 17.8) (end -5.8 17.8) (layer F.SilkS) (width 0.15))
    (fp_line (start 5.8 17.8) (end 6 17.6) (layer F.SilkS) (width 0.15))
    (fp_line (start 6 2.75) (end 6 17.6) (layer F.SilkS) (width 0.15))
    (fp_line (start 6 2.75) (end -6 2.75) (layer F.SilkS) (width 0.15))
    (fp_line (start -6 -1) (end 6 -1) (layer F.SilkS) (width 0.15))
    (fp_line (start 6 -1) (end 6 2.75) (layer F.SilkS) (width 0.15))
    (fp_line (start -6 -1) (end -6 2.75) (layer F.SilkS) (width 0.15))
    (pad "" np_thru_hole circle (at 2.25 0 270) (size 1.5 1.5) (drill 1.2) (layers *.Cu *.Mask))
    (pad "" np_thru_hole circle (at -2.25 0 270) (size 1.5 1.5) (drill 1.2) (layers *.Cu *.Mask))
    (pad 2 thru_hole circle (at 1 -2.1 270) (size 1.5 1.5) (drill 1) (layers *.Cu *.Mask))
    (pad 3 thru_hole circle (at -1 -2.1 270) (size 1.5 1.5) (drill 1) (layers *.Cu *.Mask))
    (pad 1 thru_hole circle (at 3.5 -2.1 270) (size 1.5 1.5) (drill 1) (layers *.Cu *.Mask)
      (net 2 +5V))
    (pad 4 thru_hole circle (at -3.5 -2.1 270) (size 1.5 1.5) (drill 1) (layers *.Cu *.Mask)
      (net 1 GND))
    (pad 5 thru_hole oval (at 5.7 0 270) (size 1.5 3) (drill oval 1 2.5) (layers *.Cu *.Mask)
      (net 1 GND))
    (pad 5 thru_hole oval (at -5.7 0 270) (size 1.5 3) (drill oval 1 2.5) (layers *.Cu *.Mask)
      (net 1 GND))
    (model jakub.3dshapes/connectors/USB/48037-0001.wrl
      (offset (xyz -6.349999904632568 2.285999965667724 -2.984499955177307))
      (scale (xyz 0.3937 0.3937 0.3937))
      (rotate (xyz 270 0 0))
    )
  )

  (module Capacitor_SMD:C_0603_1608Metric (layer F.Cu) (tedit 5B301BBE) (tstamp 5D054726)
    (at 171.704 114.8335 270)
    (descr "Capacitor SMD 0603 (1608 Metric), square (rectangular) end terminal, IPC_7351 nominal, (Body size source: http://www.tortai-tech.com/upload/download/2011102023233369053.pdf), generated with kicad-footprint-generator")
    (tags capacitor)
    (path /5CFAE850/5D07AD85)
    (attr smd)
    (fp_text reference C202 (at 0 -1.27 90) (layer F.SilkS)
      (effects (font (size 0.7 0.7) (thickness 0.12)))
    )
    (fp_text value 100n (at -2.8195 0.254 90) (layer F.SilkS)
      (effects (font (size 0.7 0.7) (thickness 0.12)))
    )
    (fp_text user %R (at 0 0 90) (layer F.Fab)
      (effects (font (size 0.4 0.4) (thickness 0.06)))
    )
    (fp_line (start 1.48 0.73) (end -1.48 0.73) (layer F.CrtYd) (width 0.05))
    (fp_line (start 1.48 -0.73) (end 1.48 0.73) (layer F.CrtYd) (width 0.05))
    (fp_line (start -1.48 -0.73) (end 1.48 -0.73) (layer F.CrtYd) (width 0.05))
    (fp_line (start -1.48 0.73) (end -1.48 -0.73) (layer F.CrtYd) (width 0.05))
    (fp_line (start -0.162779 0.51) (end 0.162779 0.51) (layer F.SilkS) (width 0.12))
    (fp_line (start -0.162779 -0.51) (end 0.162779 -0.51) (layer F.SilkS) (width 0.12))
    (fp_line (start 0.8 0.4) (end -0.8 0.4) (layer F.Fab) (width 0.1))
    (fp_line (start 0.8 -0.4) (end 0.8 0.4) (layer F.Fab) (width 0.1))
    (fp_line (start -0.8 -0.4) (end 0.8 -0.4) (layer F.Fab) (width 0.1))
    (fp_line (start -0.8 0.4) (end -0.8 -0.4) (layer F.Fab) (width 0.1))
    (pad 2 smd roundrect (at 0.7875 0 270) (size 0.875 0.95) (layers F.Cu F.Paste F.Mask) (roundrect_rratio 0.25)
      (net 5 +3V3))
    (pad 1 smd roundrect (at -0.7875 0 270) (size 0.875 0.95) (layers F.Cu F.Paste F.Mask) (roundrect_rratio 0.25)
      (net 1 GND))
    (model ${KISYS3DMOD}/Capacitor_SMD.3dshapes/C_0603_1608Metric.wrl
      (at (xyz 0 0 0))
      (scale (xyz 1 1 1))
      (rotate (xyz 0 0 0))
    )
  )

  (module Capacitor_SMD:C_0402_1005Metric (layer F.Cu) (tedit 5B301BBE) (tstamp 5D0546CA)
    (at 167.386 113.284 270)
    (descr "Capacitor SMD 0402 (1005 Metric), square (rectangular) end terminal, IPC_7351 nominal, (Body size source: http://www.tortai-tech.com/upload/download/2011102023233369053.pdf), generated with kicad-footprint-generator")
    (tags capacitor)
    (path /5CFAE850/5D0E06E8)
    (attr smd)
    (fp_text reference C205 (at 2.286 0 90) (layer F.SilkS)
      (effects (font (size 0.7 0.7) (thickness 0.12)))
    )
    (fp_text value 1n (at -1.778 0 90) (layer F.SilkS)
      (effects (font (size 0.7 0.7) (thickness 0.12)))
    )
    (fp_text user %R (at 0 0 90) (layer F.Fab)
      (effects (font (size 0.25 0.25) (thickness 0.04)))
    )
    (fp_line (start 0.93 0.47) (end -0.93 0.47) (layer F.CrtYd) (width 0.05))
    (fp_line (start 0.93 -0.47) (end 0.93 0.47) (layer F.CrtYd) (width 0.05))
    (fp_line (start -0.93 -0.47) (end 0.93 -0.47) (layer F.CrtYd) (width 0.05))
    (fp_line (start -0.93 0.47) (end -0.93 -0.47) (layer F.CrtYd) (width 0.05))
    (fp_line (start 0.5 0.25) (end -0.5 0.25) (layer F.Fab) (width 0.1))
    (fp_line (start 0.5 -0.25) (end 0.5 0.25) (layer F.Fab) (width 0.1))
    (fp_line (start -0.5 -0.25) (end 0.5 -0.25) (layer F.Fab) (width 0.1))
    (fp_line (start -0.5 0.25) (end -0.5 -0.25) (layer F.Fab) (width 0.1))
    (pad 2 smd roundrect (at 0.485 0 270) (size 0.59 0.64) (layers F.Cu F.Paste F.Mask) (roundrect_rratio 0.25)
      (net 5 +3V3))
    (pad 1 smd roundrect (at -0.485 0 270) (size 0.59 0.64) (layers F.Cu F.Paste F.Mask) (roundrect_rratio 0.25)
      (net 1 GND))
    (model ${KISYS3DMOD}/Capacitor_SMD.3dshapes/C_0402_1005Metric.wrl
      (at (xyz 0 0 0))
      (scale (xyz 1 1 1))
      (rotate (xyz 0 0 0))
    )
  )

  (module Capacitor_SMD:C_0603_1608Metric (layer F.Cu) (tedit 5B301BBE) (tstamp 5D054756)
    (at 172.1865 108.458 180)
    (descr "Capacitor SMD 0603 (1608 Metric), square (rectangular) end terminal, IPC_7351 nominal, (Body size source: http://www.tortai-tech.com/upload/download/2011102023233369053.pdf), generated with kicad-footprint-generator")
    (tags capacitor)
    (path /5CFAE850/5D0B54D8)
    (attr smd)
    (fp_text reference C207 (at 1.4985 0.762) (layer F.SilkS)
      (effects (font (size 0.7 0.7) (thickness 0.12)) (justify right))
    )
    (fp_text value 10n (at 1.4985 -0.254) (layer F.SilkS)
      (effects (font (size 0.7 0.7) (thickness 0.12)) (justify right))
    )
    (fp_line (start -0.8 0.4) (end -0.8 -0.4) (layer F.Fab) (width 0.1))
    (fp_line (start -0.8 -0.4) (end 0.8 -0.4) (layer F.Fab) (width 0.1))
    (fp_line (start 0.8 -0.4) (end 0.8 0.4) (layer F.Fab) (width 0.1))
    (fp_line (start 0.8 0.4) (end -0.8 0.4) (layer F.Fab) (width 0.1))
    (fp_line (start -0.162779 -0.51) (end 0.162779 -0.51) (layer F.SilkS) (width 0.12))
    (fp_line (start -0.162779 0.51) (end 0.162779 0.51) (layer F.SilkS) (width 0.12))
    (fp_line (start -1.48 0.73) (end -1.48 -0.73) (layer F.CrtYd) (width 0.05))
    (fp_line (start -1.48 -0.73) (end 1.48 -0.73) (layer F.CrtYd) (width 0.05))
    (fp_line (start 1.48 -0.73) (end 1.48 0.73) (layer F.CrtYd) (width 0.05))
    (fp_line (start 1.48 0.73) (end -1.48 0.73) (layer F.CrtYd) (width 0.05))
    (fp_text user %R (at 0 0) (layer F.Fab)
      (effects (font (size 0.4 0.4) (thickness 0.06)))
    )
    (pad 1 smd roundrect (at -0.7875 0 180) (size 0.875 0.95) (layers F.Cu F.Paste F.Mask) (roundrect_rratio 0.25)
      (net 7 "Net-(C207-Pad1)"))
    (pad 2 smd roundrect (at 0.7875 0 180) (size 0.875 0.95) (layers F.Cu F.Paste F.Mask) (roundrect_rratio 0.25)
      (net 6 "Net-(C207-Pad2)"))
    (model ${KISYS3DMOD}/Capacitor_SMD.3dshapes/C_0603_1608Metric.wrl
      (at (xyz 0 0 0))
      (scale (xyz 1 1 1))
      (rotate (xyz 0 0 0))
    )
  )

  (module Capacitor_SMD:C_0603_1608Metric (layer B.Cu) (tedit 5B301BBE) (tstamp 5D054786)
    (at 176.276 108.204 270)
    (descr "Capacitor SMD 0603 (1608 Metric), square (rectangular) end terminal, IPC_7351 nominal, (Body size source: http://www.tortai-tech.com/upload/download/2011102023233369053.pdf), generated with kicad-footprint-generator")
    (tags capacitor)
    (path /5CFAE850/5D0B5C2F)
    (attr smd)
    (fp_text reference C208 (at 0 1.016 90) (layer B.SilkS)
      (effects (font (size 0.7 0.7) (thickness 0.12)) (justify mirror))
    )
    (fp_text value 10n (at 0 -1.27 90) (layer B.SilkS)
      (effects (font (size 0.7 0.7) (thickness 0.12)) (justify mirror))
    )
    (fp_text user %R (at 0 0 90) (layer B.Fab)
      (effects (font (size 0.4 0.4) (thickness 0.06)) (justify mirror))
    )
    (fp_line (start 1.48 -0.73) (end -1.48 -0.73) (layer B.CrtYd) (width 0.05))
    (fp_line (start 1.48 0.73) (end 1.48 -0.73) (layer B.CrtYd) (width 0.05))
    (fp_line (start -1.48 0.73) (end 1.48 0.73) (layer B.CrtYd) (width 0.05))
    (fp_line (start -1.48 -0.73) (end -1.48 0.73) (layer B.CrtYd) (width 0.05))
    (fp_line (start -0.162779 -0.51) (end 0.162779 -0.51) (layer B.SilkS) (width 0.12))
    (fp_line (start -0.162779 0.51) (end 0.162779 0.51) (layer B.SilkS) (width 0.12))
    (fp_line (start 0.8 -0.4) (end -0.8 -0.4) (layer B.Fab) (width 0.1))
    (fp_line (start 0.8 0.4) (end 0.8 -0.4) (layer B.Fab) (width 0.1))
    (fp_line (start -0.8 0.4) (end 0.8 0.4) (layer B.Fab) (width 0.1))
    (fp_line (start -0.8 -0.4) (end -0.8 0.4) (layer B.Fab) (width 0.1))
    (pad 2 smd roundrect (at 0.7875 0 270) (size 0.875 0.95) (layers B.Cu B.Paste B.Mask) (roundrect_rratio 0.25)
      (net 1 GND))
    (pad 1 smd roundrect (at -0.7875 0 270) (size 0.875 0.95) (layers B.Cu B.Paste B.Mask) (roundrect_rratio 0.25)
      (net 8 "Net-(C208-Pad1)"))
    (model ${KISYS3DMOD}/Capacitor_SMD.3dshapes/C_0603_1608Metric.wrl
      (at (xyz 0 0 0))
      (scale (xyz 1 1 1))
      (rotate (xyz 0 0 0))
    )
  )

  (module Capacitor_SMD:C_0603_1608Metric (layer F.Cu) (tedit 5B301BBE) (tstamp 5D0547E6)
    (at 176.784 110.998)
    (descr "Capacitor SMD 0603 (1608 Metric), square (rectangular) end terminal, IPC_7351 nominal, (Body size source: http://www.tortai-tech.com/upload/download/2011102023233369053.pdf), generated with kicad-footprint-generator")
    (tags capacitor)
    (path /5CFAE850/5D0A3281)
    (attr smd)
    (fp_text reference C209 (at -1.27 -0.127) (layer F.SilkS)
      (effects (font (size 0.7 0.7) (thickness 0.12)) (justify right))
    )
    (fp_text value 100n (at 1.524 0) (layer F.SilkS)
      (effects (font (size 0.7 0.7) (thickness 0.12)) (justify left))
    )
    (fp_line (start -0.8 0.4) (end -0.8 -0.4) (layer F.Fab) (width 0.1))
    (fp_line (start -0.8 -0.4) (end 0.8 -0.4) (layer F.Fab) (width 0.1))
    (fp_line (start 0.8 -0.4) (end 0.8 0.4) (layer F.Fab) (width 0.1))
    (fp_line (start 0.8 0.4) (end -0.8 0.4) (layer F.Fab) (width 0.1))
    (fp_line (start -0.162779 -0.51) (end 0.162779 -0.51) (layer F.SilkS) (width 0.12))
    (fp_line (start -0.162779 0.51) (end 0.162779 0.51) (layer F.SilkS) (width 0.12))
    (fp_line (start -1.48 0.73) (end -1.48 -0.73) (layer F.CrtYd) (width 0.05))
    (fp_line (start -1.48 -0.73) (end 1.48 -0.73) (layer F.CrtYd) (width 0.05))
    (fp_line (start 1.48 -0.73) (end 1.48 0.73) (layer F.CrtYd) (width 0.05))
    (fp_line (start 1.48 0.73) (end -1.48 0.73) (layer F.CrtYd) (width 0.05))
    (fp_text user %R (at 0 0) (layer F.Fab)
      (effects (font (size 0.4 0.4) (thickness 0.06)))
    )
    (pad 1 smd roundrect (at -0.7875 0) (size 0.875 0.95) (layers F.Cu F.Paste F.Mask) (roundrect_rratio 0.25)
      (net 1 GND))
    (pad 2 smd roundrect (at 0.7875 0) (size 0.875 0.95) (layers F.Cu F.Paste F.Mask) (roundrect_rratio 0.25)
      (net 4 +2V5))
    (model ${KISYS3DMOD}/Capacitor_SMD.3dshapes/C_0603_1608Metric.wrl
      (at (xyz 0 0 0))
      (scale (xyz 1 1 1))
      (rotate (xyz 0 0 0))
    )
  )

  (module Capacitor_SMD:C_0402_1005Metric (layer F.Cu) (tedit 5B301BBE) (tstamp 5D0546A0)
    (at 177.038 109.982 180)
    (descr "Capacitor SMD 0402 (1005 Metric), square (rectangular) end terminal, IPC_7351 nominal, (Body size source: http://www.tortai-tech.com/upload/download/2011102023233369053.pdf), generated with kicad-footprint-generator")
    (tags capacitor)
    (path /5CFAE850/5D0F1674)
    (attr smd)
    (fp_text reference C210 (at 1.524 0) (layer F.SilkS)
      (effects (font (size 0.7 0.7) (thickness 0.12)) (justify right))
    )
    (fp_text value 1n (at -1.27 0) (layer F.SilkS)
      (effects (font (size 0.7 0.7) (thickness 0.12)) (justify left))
    )
    (fp_line (start -0.5 0.25) (end -0.5 -0.25) (layer F.Fab) (width 0.1))
